6.394020196998703720e-02 7.140527943067547234e+00
1.045639552591273030e-01 1.767865978726715781e+01
1.709975946676697001e-01 1.760270362028727575e+01
2.796391673370284270e-01 1.403254377808006836e+01
4.573050519273262893e-01 1.007018879094287733e+01
7.478491389806215528e-01 6.466847964911170088e+00
1.222987439821539457e+00 3.589049257871855136e+00
2.000000000000000444e+00 1.886929201746994078e+00
3.270679542370188209e+00 1.098591121513887492e+00
5.348672334439432241e+00 7.290071064081913299e-01
8.746896591546223121e+00 5.297539804424000742e-01
1.430414787059888582e+01 3.912847685519701968e-01
2.339214190570294249e+01 2.785767785264529617e-01
3.825409999160149965e+01 1.845192162450314255e-01
6.255845112715729073e+01 1.075594981136943490e-01
